,support,itemsets
0,0.16498622428043846,[1196]
1,0.15377513336068938,[1198]
2,0.14431531742775075,[4993]
3,0.1257474060613166,[5952]
4,0.12376165074154405,[7153]
5,0.2024444574711296,[260]
6,0.13262061082126736,[1210]
7,0.12900082068116536,[589]
8,0.10528166949997068,[541]
9,0.09653994958672842,[1270]
10,0.09634210680579167,[480]
11,0.09067061375227153,[1214]
12,0.07804531332434492,[924]
13,0.2972697696230729,[318]
14,0.21436631690017,[593]
15,0.19568116536725483,[2571]
16,0.19545401254469782,[50]
17,0.18696142798522775,[858]
18,0.11655138050296031,[1197]
19,0.11236004455126326,[1221]
20,0.10797819332903452,[457]
21,0.09094905914766399,[1213]
22,0.08776159212146081,[1089]
23,0.07920305996834516,[1206]
24,0.07836772378216778,[1208]
25,0.07551732223459758,[1240]
26,0.0685415323289759,[1258]
27,0.06475320944955743,[1097]
28,0.06461398675186118,[904]
29,0.060034292748695706,[1222]
30,0.05801922738730289,[2918]
31,0.05754293921097368,[223]
32,0.05362272114426402,[1073]
33,0.05056714930535201,[1230]
34,0.11946040213377103,[1136]
35,0.0964593469722727,[150]
36,0.08259569728589014,[1291]
37,0.0819582038806495,[590]
38,0.07898323465619321,[364]
39,0.07142857142857142,[1036]
40,0.06693680755026672,[588]
41,0.0628846942962659,[595]
42,0.057323113898821734,[780]
43,0.05681751568087227,[1080]
44,0.11839791312503664,[1]
45,0.05343953338413741,[17]
46,0.11672724075268187,[2028]
47,0.11421390468374465,[2762]
48,0.09615159153525998,[912]
49,0.09259774898880356,[750]
50,0.09124948707427165,[3578]
51,0.07164106923031831,[4306]
52,0.26107186822205286,[296]
53,0.2057345096430037,[527]
54,0.20366815170877542,[356]
55,0.1671258573187174,[110]
56,0.13043701272055808,[47]
57,0.16347675713699514,[2959]
58,0.1627952986693241,[2858]
59,0.10983205346151592,[4226]
60,0.10386745999179318,[32]
61,0.08240518201535846,[58559]
62,0.08050735682044668,[7361]
63,0.07670437892021807,[1200]
64,0.06144117474646814,[6539]
65,0.05989507005099947,[1225]
66,0.05988041503018934,[4878]
67,0.05684682572249253,[6377]
68,0.055615803974441644,[2396]
69,0.05480245031947945,[1527]
70,0.054003751685327395,[5618]
71,0.052369716864997945,[6016]
72,0.051776188522187704,[3114]
73,0.05105076499208629,[2716]
74,0.14367049651210503,[608]
75,0.07019022217011549,[1265]
76,0.06876868515153292,[2324]
77,0.054033061726947655,[4886]
78,0.05349082595697286,[1148]
79,0.05347617093616273,[4995]
80,0.051607655782871215,[1207]
81,0.09538953045313324,[4973]
82,0.053549446040213375,[1252]
83,0.05009818863942787,[6]
84,0.07647722609766106,[111]
85,0.11041092678351604,[1193]
86,0.07781083299138285,[1617]
87,0.07939357523887684,[1704]
88,0.07553197725540771,[293]
89,0.06698077261269711,[778]
90,0.07881470191687673,[2329]
91,0.06733982062254529,[3996]
92,0.055908904390644235,[2502]
93,0.06127264200715165,[1732]
94,0.057293803857201474,[3147]
95,0.051211970220997716,[33794]
96,0.07534146198487601,[2997]
97,0.06255495632803798,[6874]
98,0.05340289583211208,[4011]
99,0.05086757723195967,[8961]
100,0.05129990034585849,[1961]
101,0.05295591769740313,[79132]
102,0.06440881646051938,[923]
103,0.05930886921859429,[1219]
104,0.06666568966527932,[919]
105,0.061448502256873205,[34]
106,0.05382056392520077,[908]
107,0.12161469019286007,"[1196, 260]"
108,0.07832375871973739,"[2571, 1196]"
109,0.07149451902221701,"[1196, 318]"
110,0.0615950524649745,"[858, 1196]"
111,0.05575502667213787,"[50, 1196]"
112,0.05522744592297321,"[593, 1196]"
113,0.05085292221114954,"[1196, 527]"
114,0.06879066768274811,"[296, 1196]"
115,0.06179289524591125,"[1196, 2571, 260]"
116,0.054436074799226214,"[1196, 260, 318]"
117,0.05223782167770678,"[296, 1196, 260]"
118,0.084500849991207,"[1196, 1198]"
119,0.0889706313382965,"[260, 1198]"
120,0.0708936631690017,"[318, 1198]"
121,0.06611612638489947,"[2571, 1198]"
122,0.06169031010024034,"[858, 1198]"
123,0.05654639779588487,"[593, 1198]"
124,0.05525675596459347,"[50, 1198]"
125,0.062137288234949295,"[296, 1198]"
126,0.05286798757254235,"[1198, 527]"
127,0.0684609297145202,"[1196, 260, 1198]"
128,0.06064247611231608,"[4993, 1196]"
129,0.05057447681575708,"[4993, 1198]"
130,0.07578844011958497,"[4993, 2571]"
131,0.06605750630165895,"[4993, 318]"
132,0.058532153115657425,"[4993, 260]"
133,0.05716923618031538,"[4993, 2959]"
134,0.05678087812884694,"[296, 4993]"
135,0.10154463919338766,"[5952, 4993]"
136,0.05326367313441585,"[5952, 1196]"
137,0.06599888621841843,"[5952, 2571]"
138,0.05779940207515095,"[5952, 318]"
139,0.05065507943021279,"[5952, 260]"
140,0.05734509643003693,"[5952, 4993, 2571]"
141,0.0980201066885515,"[7153, 4993]"
142,0.0942537663403482,"[5952, 7153]"
143,0.05209127146960549,"[7153, 1196]"
144,0.06544932293803857,"[7153, 2571]"
145,0.05932352423940442,"[7153, 318]"
146,0.05077964710709889,"[7153, 2959]"
147,0.08444222990796647,"[5952, 7153, 4993]"
148,0.05556451140160619,"[7153, 4993, 2571]"
149,0.053483498446567794,"[5952, 7153, 2571]"
150,0.07704877190925612,"[260, 318]"
151,0.06122867694472126,"[593, 260]"
152,0.05733776891963187,"[260, 527]"
153,0.0533369482384665,"[356, 260]"
154,0.07307726126971101,"[296, 260]"
155,0.10092180080895714,"[1210, 260]"
156,0.09161586259452488,"[1210, 1196]"
157,0.059220939093733514,"[1210, 2571]"
158,0.058927838677530923,"[1210, 1198]"
159,0.05280203997889677,"[1210, 318]"
160,0.07866082419837037,"[1210, 260, 1196]"
161,0.050259393868339296,"[1210, 1196, 1198]"
162,0.05015680872266839,"[1210, 260, 1198]"
163,0.051578345741250954,"[260, 589]"
164,0.05727182132598628,"[589, 318]"
165,0.05742569904449264,"[296, 589]"
166,0.052457646989858726,"[593, 589]"
167,0.05612872970279618,"[2571, 589]"
168,0.05042059909725072,"[296, 541]"
169,0.10956093557652852,"[593, 318]"
170,0.10527434198956563,"[296, 593]"
171,0.06232780350548098,"[296, 593, 318]"
172,0.08812796764171404,"[2571, 318]"
173,0.07932762764523126,"[2571, 260]"
174,0.0623864235887215,"[593, 2571]"
175,0.06129462453836684,"[2571, 356]"
176,0.05418693944545401,"[2571, 527]"
177,0.08182630869335834,"[296, 2571]"
178,0.10876956445278152,"[50, 318]"
179,0.07852160150067414,"[593, 50]"
180,0.067420423237001,"[50, 2571]"
181,0.05938947183305,"[50, 260]"
182,0.1036769447212615,"[296, 50]"
183,0.06888592531801395,"[50, 527]"
184,0.05507356820446685,"[50, 356]"
185,0.05008353361861774,"[593, 50, 318]"
186,0.051475760595580046,"[296, 593, 50]"
187,0.06301658948355707,"[296, 50, 318]"
188,0.08367284131543466,"[858, 318]"
189,0.0707690954921156,"[858, 260]"
190,0.06951609121284952,"[50, 858]"
191,0.06671698223811477,"[593, 858]"
192,0.06160237997537957,"[858, 2571]"
193,0.06550794302127909,"[858, 527]"
194,0.08467671024092854,"[296, 858]"
195,0.053146432967934816,"[260, 1197]"
196,0.05143179553314966,"[1197, 1198]"
197,0.05094817984641538,"[1196, 1197]"
198,0.05031801395157981,"[1197, 318]"
199,0.0985623424585263,"[858, 1221]"
200,0.052794712468491704,"[1221, 318]"
201,0.05730845887801161,"[296, 1221]"
202,0.052728764874846124,"[296, 858, 1221]"
203,0.055190808370947884,"[457, 318]"
204,0.05526408347499853,"[858, 1213]"
205,0.05805586493932821,"[296, 1213]"
206,0.0665044844363679,"[296, 1089]"
207,0.053945131602086874,"[1136, 260]"
208,0.05199601383433965,"[1136, 1196]"
209,0.05149774312679524,"[1136, 318]"
210,0.05654639779588487,"[296, 1136]"
211,0.06064247611231608,"[1291, 1198]"
212,0.05050852922211149,"[1, 318]"
213,0.0602834281024679,"[2028, 318]"
214,0.053483498446567794,"[2571, 2028]"
215,0.05154170818922563,"[2028, 527]"
216,0.05025206635793423,"[296, 2028]"
217,0.05627527991089747,"[2762, 2571]"
218,0.056033472067530336,"[2762, 318]"
219,0.12584266369658245,"[296, 318]"
220,0.08303534791019403,"[296, 527]"
221,0.08222199425523184,"[593, 527]"
222,0.11033765167946538,"[318, 527]"
223,0.052399026906618205,"[296, 318, 527]"
224,0.05280936748930184,"[593, 318, 527]"
225,0.07975995075913007,"[296, 356]"
226,0.07722463215897767,"[593, 356]"
227,0.07463069347558474,"[356, 527]"
228,0.10391875256462864,"[356, 318]"
229,0.051131367606542,"[296, 356, 318]"
230,0.07186822205287531,"[356, 110]"
231,0.06574242335424116,"[296, 110]"
232,0.06374201301365848,"[593, 110]"
233,0.060994196611759186,"[110, 527]"
234,0.08685298083123279,"[110, 318]"
235,0.054230904507884405,"[2571, 110]"
236,0.05182015358461809,"[260, 110]"
237,0.05359341110264377,"[50, 110]"
238,0.07712204701330676,"[296, 47]"
239,0.0652148426050765,"[593, 47]"
240,0.07263761064540712,"[318, 47]"
241,0.06256228383844305,"[50, 47]"
242,0.05578433671375813,"[47, 2959]"
243,0.05174687848056744,"[2571, 47]"
244,0.05486839791312503,"[858, 2959]"
245,0.08220001172401664,"[2571, 2959]"
246,0.0798185708423706,"[318, 2959]"
247,0.05363004865466909,"[593, 2959]"
248,0.052193856615276396,"[1196, 2959]"
249,0.0500908611290228,"[356, 2959]"
250,0.08573187173925786,"[296, 2959]"
251,0.062166598276569555,"[50, 2959]"
252,0.07378802977900228,"[2858, 318]"
253,0.06649715692596284,"[2858, 2959]"
254,0.0622618559118354,"[2858, 2571]"
255,0.05804853742892315,"[593, 2858]"
256,0.05218652910487133,"[2858, 527]"
257,0.07753238759599039,"[296, 2858]"
258,0.06191746292279735,"[2858, 50]"
259,0.057059323524239404,"[2858, 858]"
260,0.059609297145201946,"[4226, 2959]"
261,0.057352423940441995,"[4226, 318]"
262,0.054853742892314906,"[4226, 2571]"
263,0.05759423178380913,"[296, 4226]"
264,0.05099947241925083,"[50, 4226]"
265,0.05467055513218829,"[296, 32]"
266,0.07585438771323055,"[296, 608]"
267,0.06067178615393634,"[608, 318]"
268,0.05866404830294859,"[608, 50]"
269,0.051505070637200306,"[608, 527]"
270,0.057411044023682516,"[608, 593]"
271,0.05664898294155578,"[608, 858]"
272,0.05694208335775837,"[1193, 858]"
273,0.055022275631631395,"[1193, 318]"
274,0.054502022392871795,"[296, 1193]"
