,support,itemsets
0,0.015185037940988367,[1004836]
1,0.041513260620307794,[1004767]
2,0.05539326684297559,[1004856]
3,0.02402641176775621,[1004833]
4,0.015138944105462696,[5100816]
5,0.010751387136362851,[1004741]
6,0.019535143668723606,[1002544]
7,0.02111961926491856,[1004870]
8,0.015954228821323007,[1004249]
9,0.024060982144400462,[1005115]
10,0.011912375618665698,[1004873]
11,0.01381086546937929,[1005105]
12,0.010195380245334439,[1002633]
13,0.011903733024504636,[1002524]
14,0.021787979880040793,[4804056]
